%YAML:1.0
M1: !!opencv-matrix
   rows: 3
   cols: 3
   dt: d
   data: [ 8.2788620149945143e+02, 0., 3.1060613234413177e+02, 0.,
       8.2788620149945143e+02, 2.3759472909915877e+02, 0., 0., 1. ]
D1: !!opencv-matrix
   rows: 1
   cols: 8
   dt: d
   data: [ 1.0699533989275889e-02, -4.0389811027577294e-01, 0., 0., 0.,
       0., 0., -1.6196441255192329e+00 ]
M2: !!opencv-matrix
   rows: 3
   cols: 3
   dt: d
   data: [ 8.2788620149945143e+02, 0., 2.9902060370059735e+02, 0.,
       8.2788620149945143e+02, 2.2356741966088842e+02, 0., 0., 1. ]
D2: !!opencv-matrix
   rows: 1
   cols: 8
   dt: d
   data: [ 2.4285234297820965e-01, -3.8299259843540630e+00, 0., 0., 0.,
       0., 0., -1.8598308792501253e+01 ]
