<?xml version="1.0"?>
<opencv_storage>
<cameraMatrix type_id="opencv-matrix">
  <rows>3</rows>
  <cols>3</cols>
  <dt>d</dt>
  <data>
    1.9904334456051365e+03 0. 3.9531127603331134e+02 0.
    1.9891268238541202e+03 2.5667164431579124e+02 0. 0. 1.</data></cameraMatrix>
<distCoeffs type_id="opencv-matrix">
  <rows>1</rows>
  <cols>5</cols>
  <dt>d</dt>
  <data>
    -4.2048730248982711e+00 3.9473457113008124e+01
    -2.7884376368984099e-02 3.1485325724747396e-02
    -3.7980714112978592e+02</data></distCoeffs>
</opencv_storage>
