%YAML:1.0
R: !!opencv-matrix
   rows: 3
   cols: 3
   dt: d
   data: [ 9.9933677201579918e-01, 2.5784479446465881e-02,
       -2.5713356776532817e-02, -2.4576438546892006e-02,
       9.9862802635481274e-01, 4.6239200328750056e-02,
       2.6870332439203809e-02, -4.5576590464472190e-02,
       9.9859939897650674e-01 ]
T: !!opencv-matrix
   rows: 3
   cols: 1
   dt: d
   data: [ -3.1576915397333316e+00, 7.4629332850487335e-03,
       1.9956186892094253e-02 ]
R1: !!opencv-matrix
   rows: 3
   cols: 3
   dt: d
   data: [ 9.9920229462717269e-01, 2.3711805892301905e-02,
       -3.2132921951146580e-02, -2.2969249439178267e-02,
       9.9946498409574036e-01, 2.3284311170876256e-02,
       3.2667843393672159e-02, -2.2527668051247129e-02,
       9.9921234789216817e-01 ]
R2: !!opencv-matrix
   rows: 3
   cols: 3
   dt: d
   data: [ 9.9997723756156931e-01, -2.3633604855276638e-03,
       -6.3197219834528976e-03, 2.2179509492724725e-03,
       9.9973489475433086e-01, -2.2917698491202832e-02,
       6.3722093750372610e-03, 2.2903159995129624e-02,
       9.9971738016797440e-01 ]
P1: !!opencv-matrix
   rows: 3
   cols: 4
   dt: d
   data: [ 7.4760486265449538e+02, 0., 3.2744500350952148e+02, 0., 0.,
       7.4760486265449538e+02, 2.3262790679931641e+02, 0., 0., 0., 1.,
       0. ]
P2: !!opencv-matrix
   rows: 3
   cols: 4
   dt: d
   data: [ 7.4760486265449538e+02, 0., 3.2744500350952148e+02,
       -2.3607592865055080e+03, 0., 7.4760486265449538e+02,
       2.3262790679931641e+02, 0., 0., 0., 1., 0. ]
Q: !!opencv-matrix
   rows: 4
   cols: 4
   dt: d
   data: [ 1., 0., 0., -3.2744500350952148e+02, 0., 1., 0.,
       -2.3262790679931641e+02, 0., 0., 0., 7.4760486265449538e+02, 0.,
       0., -3.1667983556304485e-01, 0. ]
