<?xml version="1.0"?>
<opencv_storage>
<cameraMatrix type_id="opencv-matrix">
  <rows>3</rows>
  <cols>3</cols>
  <dt>d</dt>
  <data>
    1.9904334533097904e+03 0. 3.9531127600422110e+02 0.
    1.9891268315637881e+03 2.5667164428079599e+02 0. 0. 1.</data></cameraMatrix>
<distCoeffs type_id="opencv-matrix">
  <rows>1</rows>
  <cols>5</cols>
  <dt>d</dt>
  <data>
    -4.2048730578200448e+00 3.9473457773331205e+01
    -2.7884376449297591e-02 3.1485325884966262e-02
    -3.7980715102947408e+02</data></distCoeffs>
</opencv_storage>
