<?xml version="1.0"?>
<opencv_storage>
<cameraMatrix type_id="opencv-matrix">
  <rows>3</rows>
  <cols>3</cols>
  <dt>d</dt>
  <data>
    6.8067708297055549e+02 0. 3.8803857671529465e+02 0.
    6.8023924811634834e+02 2.2772288459032086e+02 0. 0. 1.</data></cameraMatrix>
<distCoeffs type_id="opencv-matrix">
  <rows>1</rows>
  <cols>5</cols>
  <dt>d</dt>
  <data>
    -4.9016761664020042e-01 3.3026341947489701e-01
    6.9001498881643127e-04 2.7879646561911439e-03
    -1.3476090579121269e-01</data></distCoeffs>
</opencv_storage>
