<?xml version="1.0"?>
<opencv_storage>
<cameraMatrix type_id="opencv-matrix">
  <rows>3</rows>
  <cols>3</cols>
  <dt>d</dt>
  <data>
    6.8067708297077445e+02 0. 3.8803857671527572e+02 0.
    6.8023924811679615e+02 2.2772288459032060e+02 0. 0. 1.</data></cameraMatrix>
<distCoeffs type_id="opencv-matrix">
  <rows>1</rows>
  <cols>5</cols>
  <dt>d</dt>
  <data>
    -4.9016761663904107e-01 3.3026341947576571e-01
    6.9001498877939199e-04 2.7879646560147768e-03
    -1.3476090579553840e-01</data></distCoeffs>
</opencv_storage>
